BOP,inflation,interest_rate,GDP_growth,,,,,,
-10110,0.7,0.1,-2.9,,,,,,
-10110,0.4,0.1,0.7,,,,,,
-10110,0.7,0.1,2.3,,,,,,
-2473,1.5,0.1,3.1,,,,,,
-2473,2.1,0.1,1.3,,,,,,
-2473,2.5,0.1,1,,,,,,
-19088,2,0.1,-0.2,,,,,,
-19088,3.2,0.1,0.9,,,,,,
-19088,3.1,0.1,0.6,,,,,,
-2433,4.2,0.1,0.1,,,,,,
-2433,5.1,0.1,1,,,,,,
-2433,5.4,0.1,0.1,,,,,,
-50455,5.5,0.25,0.2,,,,,,
-50455,6.2,0.25,-0.1,,,,,,
-50455,7,0.75,0.1,,,,,,
-28203,9,0.75,0,,,,,,
-28203,9.1,1,0.8,,,,,,
-28203,9.4,1.25,-0.7,,,,,,
-12744,10.1,1.25,0.4,,,,,,
-12744,9.9,1.75,0,,,,,,
-12744,10.1,2.25,-0.7,,,,,,
-2483,11.1,2.25,0.7,,,,,,
-2483,10.7,3,0.2,,,,,,
-2483,10.5,3.5,-0.5,,,,,,
